=== PPU Registers ===
PPUCTRL  ($2000): 80  (NMI:1 BGtable:0000 SPRtable:0000 inc:1)
PPUMASK  ($2001): 0E  (BG:1 SPR:0)
PPUSTATUS($2002): 00  (VBL:0)
v=0000  t=0000  fine_x=0  mirroring=horizontal

=== Nametable ($2000-$23BF, 32x30 tile IDs) ===
00 20 00 20 00 20 00 20 00 2D 00 2D 00 20 00 5A 00 65 00 72 00 6F 00 70 00 61 00 67 00 65 00 2C 
00 58 20 20 00 74 00 65 00 73 00 74 00 73 00 20 00 20 00 20 00 20 00 20 00 20 00 20 00 20 00 20 
00 20 00 20 00 20 00 20 00 2D 00 2D 00 20 00 41 00 62 00 73 00 6F 00 6C 00 75 00 74 00 65 00 2C 
00 58 20 20 00 74 00 65 00 73 00 74 00 73 00 20 00 20 00 20 00 20 00 20 00 20 00 20 00 20 00 20 
00 20 00 20 00 20 00 20 00 20 00 20 00 20 00 20 00 20 00 20 00 20 00 20 00 20 00 20 00 20 00 20 
00 20 20 20 00 20 00 20 00 20 00 20 00 20 00 20 00 20 00 20 00 20 00 20 00 20 00 20 00 20 00 20 
00 20 00 20 00 20 00 20 00 20 00 20 00 20 00 20 00 20 00 20 00 20 00 20 00 20 00 20 00 20 00 20 
00 20 20 20 00 20 00 20 00 20 00 20 00 20 00 20 00 20 00 20 00 20 00 20 00 20 00 20 00 20 00 20 
00 20 00 20 00 20 00 20 00 55 00 70 00 2F 00 44 00 6F 00 77 00 6E 00 3A 00 20 00 73 00 65 00 6C 
00 65 2A 63 00 74 00 20 00 74 00 65 00 73 00 74 00 20 00 20 00 20 00 20 00 20 00 20 00 20 00 20 
00 20 00 20 00 20 00 20 00 20 00 20 00 53 00 74 00 61 00 72 00 74 00 3A 00 20 00 72 00 75 00 6E 
00 20 20 74 00 65 00 73 00 74 00 20 00 20 00 20 00 20 00 20 00 20 00 20 00 20 00 20 00 20 00 20 
00 20 00 20 00 20 00 20 00 20 00 53 00 65 00 6C 00 65 00 63 00 74 00 3A 00 20 00 49 00 6E 00 76 
00 61 20 6C 00 69 00 64 00 20 00 6F 00 70 00 73 00 21 00 20 00 20 00 20 00 20 00 20 00 20 00 20 
00 20 00 20 00 20 00 20 00 2D 00 2D 00 20 00 49 00 6D 00 6D 00 65 00 64 00 69 00 61 00 74 00 65 
00 20 20 74 00 65 00 73 00 74 00 73 00 20 00 20 00 20 00 20 00 20 00 20 00 20 00 20 00 20 00 20 
00 20 00 20 00 20 00 20 00 2D 00 2D 00 20 00 49 00 6D 00 70 00 6C 00 69 00 65 00 64 00 20 00 74 
00 65 20 73 00 74 00 73 00 20 00 20 00 20 00 20 00 20 00 20 00 20 00 20 00 20 00 20 00 20 00 20 
00 20 00 20 00 20 00 20 00 2D 00 2D 00 20 00 53 00 74 00 61 00 63 00 6B 00 20 00 74 00 65 00 73 
00 74 20 73 00 20 00 20 00 20 00 20 00 20 00 20 00 20 00 20 00 20 00 20 00 20 00 20 00 20 00 20 
00 20 00 20 00 20 00 20 00 2D 00 2D 00 20 00 41 00 63 00 63 00 75 00 6D 00 75 00 6C 00 61 00 74 
00 6F 20 72 00 20 00 74 00 65 00 73 00 74 00 73 00 20 00 20 00 20 00 20 00 20 00 20 00 20 00 20 
00 20 00 20 00 20 00 20 00 2D 00 2D 00 20 00 28 00 49 00 6E 00 64 00 69 00 72 00 65 00 63 00 74 
00 2C 20 58 00 29 00 20 00 74 00 65 00 73 00 74 00 73 00 20 00 20 00 20 00 20 00 20 00 20 00 20 
00 20 00 20 00 20 00 20 00 2D 00 2D 00 20 00 5A 00 65 00 72 00 6F 00 70 00 61 00 67 00 65 00 20 
00 74 20 65 00 73 00 74 00 73 00 20 00 20 00 20 00 20 00 20 00 20 00 20 00 20 00 20 00 20 00 20 
00 20 00 20 00 20 00 20 00 2D 00 2D 00 20 00 41 00 62 00 73 00 6F 00 6C 00 75 00 74 00 65 00 20 
00 74 20 65 00 73 00 74 00 73 00 20 00 20 00 20 00 20 00 20 00 20 00 20 00 20 00 20 00 20 00 20 
00 20 00 20 00 20 00 20 00 2D 00 2D 00 20 00 28 00 49 00 6E 00 64 00 69 00 72 00 65 00 63 00 74 
00 29 20 2C 00 59 00 20 00 74 00 65 00 73 00 74 00 73 00 20 00 20 00 20 00 20 00 20 00 20 00 20 

=== Palette ($3F00-$3F1F) ===
BG:  00 0F 00 06 00 12 00 33 00 33 00 06 00 12 00 33 
SPR: 00 38 00 06 00 12 00 33 00 3A 00 06 00 12 00 33 

=== Active Sprites (OAM) ===
  # |  Y   X  Tile Attr
  0 |   1   0   00   00
  1 |   1   0   00   00
  2 |   1   0   00   00
  3 |   1   0   00   00
  4 |   1   0   00   00
  5 |   1   0   00   00
  6 |   1   0   00   00
  7 |   1   0   00   00
  8 |   1   0   00   00
  9 |   1   0   00   00
 10 |   1   0   00   00
 11 |   1   0   00   00
 12 |   1   0   00   00
 13 |   1   0   00   00
 14 |   1   0   00   00
 15 |   1   0   00   00
 16 |   1   0   00   00
 17 |   1   0   00   00
 18 |   1   0   00   00
 19 |   1   0   00   00
 20 |   1   0   00   00
 21 |   1   0   00   00
 22 |   1   0   00   00
 23 |   1   0   00   00
 24 |   1   0   00   00
 25 |   1   0   00   00
 26 |   1   0   00   00
 27 |   1   0   00   00
 28 |   1   0   00   00
 29 |   1   0   00   00
 30 |   1   0   00   00
 31 |   1   0   00   00
 32 |   1   0   00   00
 33 |   1   0   00   00
 34 |   1   0   00   00
 35 |   1   0   00   00
 36 |   1   0   00   00
 37 |   1   0   00   00
 38 |   1   0   00   00
 39 |   1   0   00   00
 40 |   1   0   00   00
 41 |   1   0   00   00
 42 |   1   0   00   00
 43 |   1   0   00   00
 44 |   1   0   00   00
 45 |   1   0   00   00
 46 |   1   0   00   00
 47 |   1   0   00   00
 48 |   1   0   00   00
 49 |   1   0   00   00
 50 |   1   0   00   00
 51 |   1   0   00   00
 52 |   1   0   00   00
 53 |   1   0   00   00
 54 |   1   0   00   00
 55 |   1   0   00   00
 56 |   1   0   00   00
 57 |   1   0   00   00
 58 |   1   0   00   00
 59 |   1   0   00   00
 60 |   1   0   00   00
 61 |   1   0   00   00
 62 |   1   0   00   00
 63 |   1   0   00   00

=== ASCII Screen (32x30 tiles) ===
=========-=-===-=-=-=-=-=-=-=-=-
=-===-=-=-=-=-==================
=========-=-===-=-=-=-=-=-=-=-=-
=-===-=-=-=-=-==================
================================
================================
================================
================================
=========-=-===-=-=-=+=====-=-=+
=---=-===-=-=+=-================
=============+=+=-=-=-=====-=-=+
===-=-=+=-======================
===========-=-=+=-=-=+=====-=-=+
=-=-===+===-=-=+=-==============
=========-=-===+=-=-=-=+=-=-=-=-
===-=+=+=-=-====================
=========-=-===-=-=-=-===-=-===+
=-=-=+=-========================
=========-=-===-=-=-=+=+===-=-=+
=-=-============================
=========-=-===+=-=-=+=-=-=-=-=-
=-=-===-=-=-=-=+================
=========-=-=====-=-=+===-=-=-=-
=-=-=====-=-=+=+=-==============
=========-=-===-=-=-=-=-=-=-=-==
=-=-=-=-=-======================
=========-=-===-=-=-=-=-=-=-=-==
=-=-=-=-=-======================
=========-=-===-=-=-=-=-=-=-=-=-
=-=-=-===-=-=-=-=-==============
